=== FACTORES LATENTES (512 Dimensiones) ===

1. QUERY (Dígito 4 - 4_41_42.wav):
[ 7.83327669e-02,  1.12158889e-02, -1.35368574e-02,  5.37081398e-02,
  4.30546366e-02,  8.59502405e-02,  5.32086492e-02, -3.25176269e-02,
  8.65848549e-03,  3.76263000e-02,  9.73523315e-03,  5.83709264e-03,
 -3.56993005e-02, -6.50808662e-02,  1.92219559e-02, -5.42051755e-02,
 -7.52581703e-03, -2.51494814e-02, -8.19261074e-02, -8.07301253e-02,
 -3.69424820e-02, -7.32042873e-03,  1.33023858e-02,  9.37677026e-02,
  7.66054317e-02, -6.30815476e-02,  3.68229067e-03, -8.58765244e-02,
  3.48981023e-02,  2.07632631e-02, -1.14313085e-02, -3.28757279e-02,
  7.54535869e-02,  2.69892626e-02, -6.38279319e-02,  5.62083647e-02,
  9.05251689e-03,  3.52207422e-02, -5.11266626e-02, -3.34984325e-02,
  2.82204542e-02, -6.51824474e-02, -8.81385505e-02,  2.85849180e-02,
  7.58562908e-02, -4.54877801e-02,  1.94092877e-02, -1.55107463e-02,
  1.53853297e-02,  7.18710013e-03, -3.47558074e-02, -1.66807370e-03,
 -3.86119634e-02, -1.13004316e-02, -3.65791358e-02, -8.26327801e-02,
 -3.78931202e-02,  2.35033631e-02,  8.53237510e-02, -1.12355435e-02,
 -3.76133956e-02, -1.93675384e-02,  2.72216443e-02, -6.64196759e-02,
  1.74008757e-02, -3.44548970e-02, -9.54039581e-03,  6.64730147e-02,
 -2.07954664e-02,  5.16079776e-02, -1.71809196e-02,  2.81172525e-03,
  6.33241460e-02, -1.18079027e-02,  3.03140115e-02, -3.01438700e-02,
  1.37681458e-02,  4.17906865e-02,  7.41262659e-02, -2.48539797e-03,
  3.82601768e-02,  5.09368675e-03, -8.21112543e-02,  3.64582725e-02,
  7.93982223e-02,  2.90654637e-02, -1.27958879e-03,  4.12209034e-02,
 -8.73314664e-02,  1.30216349e-02,  4.16802391e-02, -2.40140185e-02,
 -1.65280569e-02,  7.74474666e-02, -6.60443902e-02,  2.92850565e-02,
  1.50229344e-02,  7.01398179e-02,  4.67813276e-02,  6.02872558e-02,
  6.81848545e-03,  5.84778301e-02, -5.43255545e-02,  1.92467291e-02,
 -5.55048808e-02, -1.68027217e-03,  3.46795060e-02, -5.14571108e-02,
 -1.70952510e-02,  2.89757699e-02, -1.95989218e-02,  2.18798779e-02,
 -4.20713536e-02, -6.89417794e-02, -1.87432021e-02,  1.67919602e-02,
 -2.54092515e-02,  5.88540770e-02,  3.12692821e-02,  7.01246560e-02,
 -8.53630900e-02, -2.57841609e-02, -7.53349215e-02,  1.85006596e-02,
 -2.69400105e-02, -7.68788010e-02,  1.18748080e-02,  1.40510434e-02,
  4.37747501e-02, -8.82550851e-02,  5.85377179e-02,  1.62229910e-02,
 -3.26823555e-02, -2.90234992e-03,  4.45563495e-02,  4.89062071e-02,
 -5.06801158e-02,  4.47906964e-02,  3.46544124e-02,  8.59598257e-03,
 -5.36443666e-03,  7.06820488e-02, -3.23987479e-04, -2.02145875e-02,
 -4.26435797e-03,  2.40878481e-03,  4.70687486e-02,  5.37183369e-03,
 -4.43642214e-02, -8.00170191e-03,  8.48204643e-02,  1.74503028e-02,
 -2.32523791e-02, -3.32356840e-02,  2.34820209e-02,  5.21777570e-02,
  6.31086947e-03,  2.67529804e-02,  2.12461539e-02, -2.01565363e-02,
  2.63982713e-02,  4.79414426e-02, -5.60028441e-02, -3.17665972e-02,
  2.83647282e-03, -4.82677259e-02,  1.87575649e-02, -1.73904132e-02,
  7.00974744e-03, -2.27061547e-02, -2.72171889e-02, -1.81012675e-02,
 -1.76384021e-02, -3.70877907e-02, -5.51810525e-02,  7.19391508e-03,
  1.81542933e-02,  8.41907505e-03,  7.00849444e-02,  3.99423242e-02,
 -9.92619619e-03, -5.75821996e-02, -8.60979706e-02,  5.08967564e-02,
  5.93476035e-02,  2.73303930e-02, -1.05436258e-02,  2.33793743e-02,
 -1.48198558e-02, -2.51410212e-02, -8.79456103e-02, -1.27460271e-01,
  9.03435349e-02, -1.70529578e-02, -3.59240733e-02,  1.18989004e-02,
 -1.33205801e-02,  3.31714973e-02,  7.58860037e-02,  3.52057046e-03,
  4.93454747e-03,  5.29958121e-02,  3.18889469e-02,  6.47919066e-03,
 -1.80084631e-02,  2.49795858e-02, -7.45030642e-02, -2.45330837e-02,
  2.16338746e-02,  9.16377082e-02, -8.34960863e-03, -4.06251810e-02,
  4.13595513e-02,  7.02511147e-02, -8.89421627e-03,  4.01914008e-02,
  7.39632696e-02, -7.33670741e-02, -2.07629371e-02,  3.47160175e-02,
 -4.11743522e-02,  4.57828585e-03,  4.08696793e-02,  7.92125091e-02,
 -1.77088883e-02, -4.15609367e-02,  1.00675352e-01,  1.95251536e-02,
 -2.14412753e-02,  6.47202954e-02, -1.77826211e-02, -1.59035102e-02,
 -8.91014189e-02, -2.49477327e-02,  3.67340329e-03,  2.25707833e-02,
 -3.06646153e-02, -1.62448129e-03,  2.38213055e-02, -5.44374064e-02,
  1.45237776e-03,  6.44166097e-02, -2.44225152e-02, -2.40235105e-02,
 -1.95468571e-02,  5.83394058e-03,  6.62071332e-02,  5.25860637e-02,
  3.88838770e-03,  5.60782775e-02,  1.17516881e-02,  3.12257744e-02,
  6.42183423e-02,  1.85563695e-02,  7.08570629e-02, -1.89064909e-02,
  5.64190224e-02, -4.83094379e-02, -8.90256986e-02,  6.17446490e-02,
  4.22315709e-02, -4.10363935e-02,  1.53975599e-02, -2.47012004e-02,
 -4.68116067e-02,  5.07156886e-02, -1.51968235e-03, -2.26961523e-02,
  2.94714738e-02,  5.62069938e-02, -9.92058893e-04, -4.63364571e-02,
  2.44382881e-02,  3.70401964e-02, -3.67682576e-02, -4.15412989e-03,
  4.19132970e-02,  1.05127223e-01,  9.60832387e-02, -3.67282853e-02,
 -1.00506507e-01, -4.38195141e-03, -1.83980223e-02, -9.05130133e-02,
  5.82516612e-03, -2.53027193e-02, -9.63737816e-03, -7.02067539e-02,
  1.22617639e-03, -3.79980542e-02,  4.88472097e-02, -2.26960219e-02,
 -6.72863331e-03,  4.23361873e-03,  5.87148685e-03, -5.40602617e-02,
  5.59557192e-02, -4.20412831e-02, -3.39456610e-02,  1.63141154e-02,
 -1.05740549e-02, -1.12285232e-03,  2.73285806e-02, -7.68882036e-02,
 -5.59396669e-02,  2.58538742e-02,  2.17148643e-02,  7.86658227e-02,
  5.10135591e-02, -1.29206863e-03,  4.89150919e-02, -5.33367880e-02,
 -1.15838535e-02, -3.48942354e-02,  1.63406190e-02, -9.84066129e-02,
 -3.37067880e-02,  2.43322775e-02,  5.59205338e-02,  7.81033412e-02,
 -5.52877374e-02, -9.37568024e-02,  2.08000727e-02, -1.22519145e-02,
  9.91056673e-03,  4.49455082e-02,  5.01386682e-03,  1.98043734e-02,
  1.27198373e-03,  3.56221339e-03,  1.02336996e-03, -3.22359130e-02,
 -3.18082348e-02, -4.57303599e-02,  5.23718037e-02, -3.58390505e-03,
 -1.74756888e-02,  1.88617185e-02,  7.09864423e-02,  4.82127182e-02,
  1.91505197e-02, -6.84865862e-02, -3.36479992e-02,  4.29921709e-02,
  3.01727168e-02, -2.60944851e-02, -4.67448980e-02,  4.60126512e-02,
  7.51237050e-02,  4.66058254e-02, -5.12649957e-03,  6.32606745e-02,
 -4.21020202e-02,  3.99963744e-02, -9.73421801e-03,  1.67865143e-03,
 -7.56888557e-03, -2.41113175e-03, -5.76107837e-02, -1.54831065e-02,
  2.03857124e-02,  5.18361516e-02,  3.39692682e-02, -4.57948968e-02,
 -6.57169661e-03,  4.05623093e-02,  1.62975416e-02,  1.96653139e-02,
 -1.74431931e-02,  3.63458954e-02, -1.60399955e-02, -6.13200329e-02,
 -9.25434846e-03,  2.97089797e-02,  3.90532613e-02, -2.65506469e-02,
  2.40008105e-02,  5.56100160e-03,  1.52180837e-02,  6.84683397e-02,
 -9.17290058e-03, -4.83996421e-02,  1.06880749e-02,  1.42835837e-03,
 -5.83840124e-02,  2.07045749e-02, -1.47259897e-02,  2.46426295e-02,
  4.91303578e-02,  3.78762782e-02, -2.50226706e-02,  3.04821669e-03,
  3.17110419e-02,  3.20735835e-02, -9.98313632e-03,  3.04171834e-02,
 -2.24354006e-02,  5.45913074e-03, -2.95819971e-03, -6.24390133e-02,
  8.33641887e-02, -1.45936524e-02, -1.67341996e-02,  5.31391948e-02,
 -9.42845643e-02,  1.21451467e-02, -3.96351563e-03, -7.52307773e-02,
 -5.36990426e-02, -7.22790733e-02,  5.32209314e-02,  3.72627601e-02,
  1.32291196e-02, -5.06277122e-02,  5.73420373e-04, -9.24419705e-03,
 -9.91552442e-05, -3.39993450e-04, -1.66758951e-02, -4.93292175e-02,
  2.35479232e-02, -1.46773607e-02,  3.42469625e-02, -3.36449780e-02,
 -3.05952821e-02, -5.76529317e-02,  5.24940714e-02, -2.11884659e-02,
 -1.96597241e-02,  7.52790645e-02, -1.31302979e-02,  2.69276672e-03,
 -1.73011925e-02,  1.22871492e-02,  1.09562241e-01, -3.43253352e-02,
 -3.42736840e-02, -6.01506419e-02,  1.53823458e-02,  2.21177824e-02,
  6.83746785e-02, -3.25313886e-03, -8.99642482e-02, -5.84679432e-02,
  5.32444939e-02,  5.48815206e-02,  2.87197176e-02, -1.98122561e-02,
 -5.62274456e-02, -3.83112766e-02,  1.92362908e-02, -8.40844363e-02,
 -3.42310616e-03, -2.87118368e-02, -9.69328976e-05, -4.40974943e-02,
 -5.69129288e-02, -2.95251440e-02,  4.27013002e-02, -4.30288054e-02,
  6.62448630e-02,  3.76873948e-02,  5.92578053e-02, -2.35283095e-02,
  4.61692363e-02,  4.94648749e-03, -3.21459547e-02,  5.58335669e-02,
  2.79490696e-03,  4.92101796e-02,  4.02113833e-02,  1.57202538e-02,
 -4.86087352e-02, -4.63121906e-02,  3.33140492e-02,  6.82068914e-02,
  3.18597048e-03, -9.92256124e-03, -8.25502127e-02,  2.65383888e-02,
 -8.56489539e-02, -4.00355086e-02, -9.56551521e-04, -8.23267549e-02,
 -7.09102228e-02,  4.24967743e-02,  1.67389438e-02,  3.83300409e-02,
 -3.34242731e-02,  4.11045067e-02, -4.30684872e-02,  8.45462829e-02,
 -3.62375216e-03,  1.90852378e-02,  3.06707225e-03, -4.65929508e-02,
 -3.65591832e-02, -1.07450932e-02, -2.31145788e-02, -5.46808587e-03,
 -3.71041670e-02,  6.66867048e-02,  1.98134761e-02,  2.84938961e-02,
 -5.92940636e-02, -8.30481797e-02, -2.06395295e-02,  4.09758501e-02,
 -4.35075499e-02,  2.94576436e-02,  5.85502759e-02, -6.81740642e-02]

2. FACTUAL (Dígito 4 - 4_08_31.wav):
[ 0.07841975,  0.01064917, -0.01303132,  0.05447923,  0.04244755,
  0.08572507,  0.05289498, -0.03411928,  0.00837011,  0.03654775,
  0.00990465,  0.00502525, -0.03605947, -0.06543667,  0.01923611,
 -0.05341189, -0.00621581, -0.02572207, -0.08123001, -0.08081964,
 -0.0371597 , -0.00638767,  0.01399662,  0.09458787,  0.07714751,
 -0.06363329,  0.00329159, -0.08626436,  0.03513699,  0.01983926,
 -0.0110801 , -0.03339949,  0.07505964,  0.02810897, -0.06262343,
  0.05615298,  0.00965243,  0.03515646, -0.05075556, -0.03316285,
  0.0279638 , -0.0654114 , -0.08742129,  0.0292648 ,  0.07550537,
 -0.04496058,  0.02045465, -0.01535072,  0.01521147,  0.00766648,
 -0.03545276, -0.00073255, -0.03923297, -0.0111494 , -0.03761116,
 -0.08294955, -0.03775262,  0.02366535,  0.08541058, -0.01105963,
 -0.03826609, -0.02061259,  0.0279306 , -0.06591088,  0.01782822,
 -0.03443291, -0.01008086,  0.06680028, -0.02178143,  0.05145061,
 -0.01694533,  0.00385973,  0.06249155, -0.01147288,  0.0316014 ,
 -0.03098539,  0.01290162,  0.04156322,  0.07347625, -0.00157741,
  0.03796864,  0.00638781, -0.0816493 ,  0.03615964,  0.08056798,
  0.02978975, -0.00066196,  0.0407413 , -0.08759516,  0.01360813,
  0.04280671, -0.02349277, -0.01697177,  0.0769388 , -0.06650221,
  0.02885697,  0.0151624 ,  0.06990395,  0.04730594,  0.06084829,
  0.00720912,  0.05893154, -0.05450876,  0.01917069, -0.05612116,
 -0.00202929,  0.03544963, -0.05181877, -0.01637003,  0.02927968,
 -0.0192396 ,  0.02233225, -0.04204272, -0.06920782, -0.01845662,
  0.01549399, -0.02503621,  0.05789208,  0.03082548,  0.07104623,
 -0.0854953 , -0.02589259, -0.07512816,  0.01947675, -0.02631786,
 -0.07733089,  0.01065588,  0.01305137,  0.04425191, -0.0877683 ,
  0.05866953,  0.01516702, -0.03317352, -0.00309405,  0.0454799 ,
  0.0479905 , -0.05168981,  0.04394162,  0.03411944,  0.00843571,
 -0.00443909,  0.07052998, -0.00161294, -0.02137863, -0.00305598,
  0.00220509,  0.04629338,  0.00556612, -0.043924  , -0.00874028,
  0.08481861,  0.01785363, -0.02335788, -0.03266734,  0.02397774,
  0.05291926,  0.00515347,  0.02687175,  0.02181199, -0.02088853,
  0.0271766 ,  0.04779364, -0.05588735, -0.0323185 ,  0.00318418,
 -0.04779225,  0.01865456, -0.01829074,  0.00580666, -0.02385179,
 -0.02656663, -0.01898698, -0.01714924, -0.0370531 , -0.05503654,
  0.00803123,  0.01822179,  0.00769322,  0.0697405 ,  0.0394278 ,
 -0.00961714, -0.0585865 , -0.08570619,  0.05100984,  0.05829494,
  0.02749465, -0.00923745,  0.0231945 , -0.01459634, -0.02433559,
 -0.08760216, -0.12704422,  0.08973789, -0.01731681, -0.03655453,
  0.01043198, -0.01359486,  0.03421881,  0.07646467,  0.00285906,
  0.00374192,  0.05392807,  0.0313549 ,  0.00697724, -0.01833186,
  0.02403964, -0.07469577, -0.02429476,  0.02240345,  0.09150194,
 -0.00750242, -0.04109259,  0.04243828,  0.06937788, -0.00757251,
  0.03992645,  0.07351997, -0.07311413, -0.02169105,  0.0336398 ,
 -0.04152092,  0.00549903,  0.04192544,  0.07905891, -0.01692369,
 -0.04175006,  0.10068922,  0.01990205, -0.02053188,  0.06430431,
 -0.01768075, -0.01555294, -0.08928687, -0.02546993,  0.00371209,
  0.02223528, -0.03085391, -0.00231676,  0.0248636 , -0.05516542,
  0.00160826,  0.06503606, -0.02352578, -0.02558045, -0.01967379,
  0.00664081,  0.06577736,  0.05272665,  0.00503705,  0.0573345 ,
  0.01169313,  0.03079945,  0.064012  ,  0.01887644,  0.07049779,
 -0.01931264,  0.05579376, -0.04803798, -0.08897229,  0.0611661 ,
  0.04269629, -0.04063321,  0.01464115, -0.0251934 , -0.04750273,
  0.05225917, -0.00026544, -0.0233741 ,  0.02937653,  0.05551682,
 -0.00131251, -0.04649238,  0.02417538,  0.0365084 , -0.03621655,
 -0.00520143,  0.04210572,  0.10524511,  0.09485036, -0.03689642,
 -0.1010133 , -0.0030599 , -0.01836945, -0.09004416,  0.00575021,
 -0.02499202, -0.0101692 , -0.07042905,  0.00038463, -0.03775886,
  0.0482205 , -0.02279254, -0.00574392,  0.00396592,  0.00554662,
 -0.05316693,  0.0552573 , -0.04132978, -0.03436226,  0.01639972,
 -0.00983014, -0.0004123 ,  0.02846728, -0.07608598, -0.05487619,
  0.0270045 ,  0.02183891,  0.07865267,  0.05172053, -0.0017235 ,
  0.0496942 , -0.05412078, -0.01056906, -0.03394695,  0.01640029,
 -0.09849732, -0.03389819,  0.02415145,  0.05566913,  0.07874782,
 -0.05486877, -0.09375945,  0.02064261, -0.01259226,  0.01083054,
  0.04561624,  0.00445283,  0.02107016,  0.00145844,  0.00294165,
  0.0019821 , -0.03261381, -0.03317455, -0.04621822,  0.05248358,
 -0.00355369, -0.0171012 ,  0.01963847,  0.07101067,  0.04755499,
  0.01933406, -0.06771104, -0.03330267,  0.04272946,  0.02992368,
 -0.02481598, -0.04731769,  0.0457076 ,  0.07433838,  0.04746734,
 -0.00468937,  0.06218036, -0.04186017,  0.03947145, -0.010856  ,
  0.00276939, -0.00785649, -0.00349805, -0.05859289, -0.01589998,
  0.02076258,  0.05161497,  0.03417236, -0.04510055, -0.00590538,
  0.04015637,  0.01603758,  0.0196949 , -0.01652085,  0.03560143,
 -0.015138  , -0.06115692, -0.00988847,  0.02924387,  0.03979199,
 -0.0255174 ,  0.02416747,  0.00609498,  0.01580616,  0.06765723,
 -0.00893976, -0.04853182,  0.01136093,  0.00143091, -0.05782666,
  0.01995924, -0.01519672,  0.02373691,  0.04824179,  0.03863983,
 -0.02485588,  0.00278203,  0.0311963 ,  0.03197237, -0.00967843,
  0.03079818, -0.02170447,  0.00544271, -0.00313471, -0.06292795,
  0.08348493, -0.01570931, -0.01613087,  0.05377077, -0.09433153,
  0.01258772, -0.00281045, -0.07558266, -0.05368285, -0.07292572,
  0.05416666,  0.03800876,  0.01265184, -0.04992595,  0.00102296,
 -0.0099076 , -0.00033637, -0.00024449, -0.01552596, -0.04965195,
  0.02331982, -0.01537917,  0.03305018, -0.03385876, -0.03094627,
 -0.05714047,  0.05224703, -0.02168473, -0.02040766,  0.07441928,
 -0.01152703,  0.0031313 , -0.01719194,  0.0128362 ,  0.10906621,
 -0.03429857, -0.0355939 , -0.06070048,  0.01546809,  0.02317703,
  0.06805443, -0.00316606, -0.09061871, -0.0579927 ,  0.05323355,
  0.05546854,  0.02815163, -0.01934952, -0.05497532, -0.03962317,
  0.01995804, -0.08307241, -0.00336864, -0.02914452, -0.00019155,
 -0.0445871 , -0.05682359, -0.02844965,  0.04265865, -0.0427589 ,
  0.06610389,  0.03796465,  0.06094551, -0.02463908,  0.04523813,
  0.00494979, -0.03176061,  0.05499927,  0.00138321,  0.05030778,
  0.03921669,  0.01584218, -0.04949062, -0.04611639,  0.03171923,
  0.06905518,  0.00436172, -0.01068344, -0.08323986,  0.02599645,
 -0.08449883, -0.03958268, -0.00192387, -0.08326056, -0.07135002,
  0.04365135,  0.01747984,  0.03900402, -0.03465183,  0.04075044,
 -0.04260724,  0.08338416, -0.00329488,  0.01838707,  0.00289247,
 -0.04589522, -0.03644739, -0.01099933, -0.02342387, -0.00642919,
 -0.03767347,  0.0664227 ,  0.01999789,  0.02795032, -0.05919961,
 -0.08321528, -0.02070205,  0.04213224, -0.04402898,  0.03000354,
  0.05863883, -0.06735062]

3. COUNTERFACTUAL (Dígito 1 - 1_48_20.wav):
[ 5.70724644e-02,  3.19679826e-03, -5.18001802e-02, -1.10827154e-02,
  8.45739767e-02,  3.74594331e-03,  2.37208288e-02,  3.96798179e-03,
 -4.15678322e-02,  3.98965403e-02, -1.54007738e-02,  3.39134745e-02,
  3.39315715e-03, -7.80469133e-03,  1.32375639e-02, -8.28646421e-02,
 -2.68113725e-02,  3.54968943e-02, -5.86983934e-02, -2.60522608e-02,
 -5.12955822e-02, -3.91575955e-02, -3.98413874e-02,  3.71375270e-02,
  1.57878082e-02, -5.37186563e-02,  3.04624531e-02, -9.25716683e-02,
  8.33339058e-03,  3.10623292e-02, -1.55148478e-02,  4.51799184e-02,
  8.53671134e-02,  3.69394682e-02, -5.92569523e-02,  3.67810428e-02,
 -2.71096285e-02,  3.43594328e-02, -5.57369217e-02, -8.05077553e-02,
  6.76932633e-02, -6.58869445e-02, -4.75384071e-02, -2.87244115e-02,
  9.91407409e-02, -3.85651104e-02, -7.35116526e-02, -4.85007241e-02,
  1.62176453e-02,  9.97190014e-04, -4.20099422e-02, -1.48894517e-02,
 -1.28248716e-02, -2.54438957e-03, -8.76218919e-03, -3.61118354e-02,
 -8.49374942e-03, -2.05853041e-02,  2.67167725e-02,  2.61720121e-02,
 -9.93938092e-03,  4.22827899e-02, -3.46790371e-03, -7.29357675e-02,
 -1.70436269e-03, -3.13618816e-02,  1.73589420e-02,  4.54566926e-02,
 -1.05365389e-03,  1.65131707e-02, -5.40464036e-02, -5.21644056e-02,
  8.35385099e-02,  1.73624698e-02,  1.21555408e-03,  1.62180290e-02,
  3.89204435e-02, -3.00421566e-02,  6.20840900e-02, -6.30044416e-02,
  1.98327992e-02, -5.21355942e-02, -7.10485131e-02,  3.56556438e-02,
  1.77781470e-03,  1.41978506e-02, -2.91348640e-02,  4.11355793e-02,
 -4.85733151e-02, -2.09112689e-02, -5.61234634e-03, -3.63897868e-02,
 -2.48599667e-02,  7.65973330e-02, -7.99362734e-03,  1.86113920e-02,
  9.88865830e-03,  3.35355103e-02,  8.81699473e-03,  5.19581996e-02,
  2.36678943e-02,  2.37192661e-02, -9.93575826e-02,  2.18773447e-02,
 -3.83122265e-02,  5.89720486e-03,  1.99211109e-02, -2.69712843e-02,
  3.14262249e-02,  9.92550282e-04, -5.64979874e-02, -4.68191728e-02,
  4.56857961e-03, -3.51272116e-04,  6.71822438e-03,  4.43999916e-02,
 -4.06126827e-02,  9.36218724e-02, -2.35584425e-03,  3.00528519e-02,
 -5.35841025e-02, -3.24431099e-02, -8.34779292e-02, -1.53151676e-02,
 -5.52637056e-02, -5.97555144e-03,  1.98749322e-02,  4.28489931e-02,
  3.71105783e-02, -4.64226864e-02,  3.31400819e-02,  2.15634927e-02,
 -4.78918441e-02,  3.07388995e-02,  3.83187346e-02,  5.33973537e-02,
 -4.15804377e-03,  7.05836043e-02,  7.58780092e-02,  3.60891409e-02,
 -1.87461125e-03,  6.23636469e-02,  1.62357446e-02,  4.05561551e-02,
  7.15652946e-03,  6.09285608e-02,  6.65650070e-02, -6.20153151e-04,
 -4.94012958e-04,  3.58311720e-02,  2.35752668e-02,  2.14383509e-02,
  1.61231998e-02, -3.19399163e-02,  4.09417115e-02, -2.80625746e-02,
  6.87444359e-02,  3.44545692e-02, -2.78976075e-02,  7.08079850e-03,
 -3.24007533e-02, -1.79507248e-02, -4.46005128e-02, -2.10726447e-02,
 -3.07306498e-02,  7.95191713e-03, -4.55470290e-03,  1.83765367e-02,
  9.15809646e-02,  1.85436103e-02, -3.55037190e-02,  4.48640659e-02,
 -8.91653746e-02,  6.62524858e-03, -9.83737707e-02,  1.87060181e-02,
  2.95981765e-02,  1.75960436e-02,  4.96108420e-02,  4.91181724e-02,
  2.25829035e-02, -1.86798593e-03, -5.81943505e-02,  3.26845311e-02,
  4.35750857e-02,  2.85586268e-02, -6.76956847e-02,  4.63836566e-02,
  7.37409201e-03, -1.05372332e-02, -4.08353135e-02, -9.88978520e-02,
  6.14508167e-02,  3.54123712e-02,  1.29226446e-02,  3.45265456e-02,
  6.47301823e-02, -2.07570493e-02,  1.49969542e-02,  2.09774431e-02,
  5.08454926e-02,  2.12651268e-02,  2.74089444e-02, -3.19094993e-02,
  1.10506704e-02,  5.31154312e-02, -3.66299674e-02,  1.57744605e-02,
  6.94181165e-03,  8.24719369e-02, -4.26951088e-02,  3.27695091e-03,
 -4.70721759e-02,  4.80088331e-02, -1.89311858e-02,  4.32795919e-02,
  7.92051852e-02, -4.30922844e-02,  5.79346716e-02, -1.57385261e-03,
 -4.72498173e-03,  1.61892362e-02,  1.31715992e-02,  8.31541717e-02,
 -5.75475208e-02,  9.70776286e-03,  8.38160887e-02, -2.55197156e-02,
 -5.37354238e-02,  5.49982227e-02, -2.01093080e-03, -2.43363972e-03,
 -5.38042895e-02, -1.03035783e-02, -4.88861799e-02,  4.73081172e-02,
 -6.33685663e-02,  4.51006815e-02,  2.74942294e-02,  3.99642140e-02,
 -1.90361999e-02,  3.76482047e-02, -4.21369933e-02,  5.83353825e-02,
 -5.90137169e-02, -5.09553701e-02,  2.31239665e-03,  4.14490663e-02,
 -7.46057034e-02,  1.69525091e-02, -3.34909819e-02,  6.32702261e-02,
  5.33736944e-02,  5.01343235e-03,  8.86467919e-02,  3.98632102e-02,
  4.70769126e-03, -2.31787711e-02, -5.45773357e-02,  3.81743573e-02,
  6.54570386e-02, -6.07278086e-02,  7.77372271e-02,  7.12398589e-02,
 -1.55498497e-02,  1.70818884e-02, -7.81808794e-03, -2.67191157e-02,
  1.11791706e-02,  4.60065715e-02,  5.50249256e-02, -5.60796112e-02,
  8.51966999e-03,  2.55308561e-02, -5.90447597e-02,  3.68344821e-02,
  7.82578886e-02,  8.62042084e-02,  7.60057643e-02, -1.78872775e-02,
 -4.55917567e-02, -2.96921786e-02, -1.13363704e-02, -5.79012185e-02,
  3.25785205e-02,  1.44888386e-02, -2.42168326e-02, -1.04116620e-02,
  2.05265433e-02,  1.71815641e-02,  7.53515884e-02, -8.36972613e-03,
 -4.98985015e-02,  1.24049820e-02, -3.79373878e-03, -2.77473088e-02,
  5.55325113e-02, -3.37515101e-02,  1.33620976e-02,  6.54168501e-02,
 -4.54296134e-02, -3.38520296e-02, -6.45696670e-02, -4.00880501e-02,
 -7.62445927e-02, -2.80052554e-02,  2.83126254e-02,  6.52739853e-02,
 -1.57159455e-02, -1.59634240e-02, -2.56317593e-02, -8.60023429e-04,
 -6.62901849e-02, -4.12180573e-02, -5.04622757e-02, -4.95528728e-02,
  3.59533317e-02,  3.06581128e-02,  8.07645544e-02,  5.97954057e-02,
 -5.91307022e-02, -8.69163051e-02,  6.48478866e-02,  5.09088151e-02,
 -3.40618007e-02,  3.64641808e-02,  3.95322144e-02, -5.41910343e-02,
 -1.10714007e-02,  3.54858711e-02, -8.38165358e-03,  4.34643961e-02,
 -8.42673797e-03, -2.50549838e-02,  1.59721188e-02, -1.13166152e-02,
 -1.64221544e-02, -3.63788870e-03,  6.83716759e-02,  6.17435016e-02,
 -3.53271216e-02, -8.72430354e-02, -3.76685224e-02,  6.61907718e-02,
  1.93416402e-02, -6.79176450e-02,  4.24836390e-02,  8.33643973e-02,
  5.27254045e-02, -2.20462885e-02, -4.30319197e-02,  8.61891732e-02,
 -1.77089963e-02,  5.68318330e-02,  1.72653003e-04, -5.32939248e-02,
  3.48236039e-02, -4.47294954e-03,  5.07616438e-03, -3.97686101e-02,
  2.97171120e-02,  7.64381066e-02,  1.34980315e-02, -6.11360297e-02,
  6.61027152e-03,  3.68068330e-02,  3.78147401e-02,  1.37143480e-02,
 -7.72691667e-02,  3.86482216e-02,  7.50121614e-03, -1.00077115e-01,
  4.85084485e-03,  5.93841635e-02,  5.68739930e-03, -9.24493819e-02,
  5.01611084e-02, -1.70727838e-02, -5.83319031e-02,  6.60583675e-02,
 -1.35198440e-02, -3.78132388e-02, -5.60124218e-02, -1.07686885e-03,
 -7.39161223e-02,  1.41830267e-02, -3.12846457e-03,  3.15149352e-02,
  2.04217434e-02, -1.80353001e-02, -5.20358905e-02,  1.79104358e-02,
  5.85862696e-02, -3.62409092e-03, -1.89983808e-02,  5.04518114e-03,
 -1.71636511e-02, -1.53238345e-02, -5.10136411e-02, -5.41826375e-02,
  5.69597036e-02,  7.09434673e-02, -3.57520767e-02, -3.81495394e-02,
 -1.88320465e-02, -8.47509503e-02, -9.19828564e-02, -3.73237766e-02,
 -5.57662137e-02, -1.11012347e-02,  1.64324157e-02, -1.69090170e-03,
  8.07906389e-02, -5.92955910e-02, -2.48774420e-02, -1.13219544e-02,
 -4.14738990e-02, -6.36051446e-02, -6.01003058e-02, -1.64821390e-02,
  2.21366994e-02, -4.95705269e-02,  3.87935787e-02,  2.32684687e-02,
 -1.27476854e-02, -6.60216287e-02,  5.60475774e-02,  2.17377655e-02,
  2.57006288e-02,  6.88499212e-02, -6.51526004e-02,  4.46364135e-02,
 -3.96648683e-02, -1.71900690e-02,  6.06464371e-02, -3.10736913e-02,
  6.27657399e-02, -4.54144701e-02,  3.61258746e-03, -1.57680865e-02,
  4.16420065e-02,  3.45200091e-03,  1.20565537e-02, -8.98127630e-02,
  1.31319473e-02,  4.64838669e-02,  7.26473555e-02, -3.92699130e-02,
 -1.55544160e-02,  8.43611360e-03, -2.07695505e-03, -1.09558307e-01,
  4.66064084e-03, -2.59222016e-02,  5.72490245e-02, -4.80802869e-03,
 -4.75739352e-02, -2.78779995e-02,  3.85122672e-02, -3.98190971e-03,
  9.19485465e-02, -2.92171035e-02,  4.57331259e-03,  1.64100230e-02,
  2.51590945e-02,  3.51323560e-02,  1.71433445e-02,  1.43215926e-02,
  2.53358576e-02,  1.72822252e-02,  1.48053479e-03,  4.00564931e-02,
 -2.23839954e-02, -2.99763586e-02,  4.68936227e-02,  2.22993419e-02,
 -1.78619381e-02,  1.79102439e-02,  8.34326493e-05,  7.15052187e-02,
 -1.13955922e-01, -6.45958781e-02, -2.24531200e-02, -1.76388919e-02,
 -8.11335295e-02, -2.78935093e-03, -5.02760597e-02,  8.08217283e-03,
  5.19197769e-02,  3.73079740e-02, -2.93518305e-02,  1.06841996e-01,
 -3.95194888e-02,  3.09273023e-02,  2.24314034e-02, -5.26495390e-02,
  3.44686918e-02,  2.87483875e-02,  5.01156645e-03,  5.59146255e-02,
 -2.11134609e-02,  1.88836083e-02,  2.54645641e-03,  1.80264562e-02,
 -7.45945722e-02, -4.90884371e-02, -1.48793608e-02, -1.17601017e-02,
 -4.77461666e-02, -1.21350801e-02,  5.51171191e-02, -6.59277514e-02]
